eps=0.0317;
mu=20.0;
N=100;
D=1;
tolerance_cg=1e-09;
tolerance_pm=0.0001;
res_recal_iterations=100;
energy=0.4861032368177262;
mu_x=[1.1945155258539285e-10];
mu_p=[0.0];
sig_x=[0.973216054384823];
sig_p=[3.062406511218004];
Propability_in_R=0.5842273869097266;
Process time for simulation=0.1459325859999998;
