eps=0.0317;
mu=20.0;
N=100;
D=1;
tolerance_cg=1e-07;
tolerance_pm=0.0001;
res_recal_iterations=100;
energy=0.4861032422926449;
mu_x=[1.957749110260065e-09];
mu_p=[0.0];
sig_x=[0.9732155610353009];
sig_p=[3.0624040432778052];
Propability_in_R=0.5842285275089527;
Process time for simulation=0.13110555900000032;
