eps=0.0317;
mu=20.0;
N=100;
D=1;
tolerance_cg=0.001;
tolerance_pm=0.0001;
res_recal_iterations=100;
energy=0.4861289015530352;
mu_x=[-0.000953537357710106];
mu_p=[0.0];
sig_x=[0.973212199185671];
sig_p=[3.062389168958077];
Propability_in_R=0.5842312427941171;
Process time for simulation=1.662162173;
