eps=0.0317;
mu=20.0;
N=100;
D=1;
tolerance_cg=1e-15;
tolerance_pm=1e-11;
res_recal_iterations=100;
energy=0.48610323641303704;
mu_x=[-1.747824703978579e-14];
mu_p=[0.0];
sig_x=[0.9732205859415533];
sig_p=[3.062425974119798];
Propability_in_R=0.5842167663386376;
Process time for simulation=0.507563604;
