eps=0.0317;
mu=20.0;
N=100;
D=1;
tolerance_cg=1e-15;
tolerance_pm=1e-09;
res_recal_iterations=100;
energy=0.4861032364130368;
mu_x=[-1.4810472726695114e-15];
mu_p=[0.0];
sig_x=[0.9732205858976609];
sig_p=[3.0624259739641055];
Propability_in_R=0.5842167664429619;
Process time for simulation=0.43986005100000014;
