eps=0.00634;
mu=20.0;
N=500;
D=1;
tolerance_cg=1e-10;
tolerance_pm=1e-07;
res_recal_iterations=100;
energy=0.4866593488011873;
mu_x=[-1.8376280701263612e-17];
mu_p=[0.0];
sig_x=[0.9731557867862959];
sig_p=[3.0730974743783985];
Propability_in_R=0.5842698880745416;
Process time for simulation=0.43840925399999997;
