eps=0.0317;
mu=20.0;
N=100;
D=1;
tolerance_cg=1e-10;
tolerance_pm=1e-07;
res_recal_iterations=100;
energy=0.4861032364130406;
mu_x=[-1.0598076236045803e-17];
mu_p=[0.0];
sig_x=[0.9732205765606043];
sig_p=[3.062425940308059];
Propability_in_R=0.5842167886117543;
Process time for simulation=0.07682811299999992;
