eps=0.0317;
mu=20.0;
N=100;
D=2;
tolerance_cg=1e-10;
tolerance_pm=1e-07;
res_recal_iterations=100;
energy=0.478691450475701;
mu_x=[-1.5488950344858733e-17, 1.92129633801908e-18];
mu_p=[0.0, 0.0];
sig_x=[0.6874010428085874, 0.6874011401870299];
sig_p=[2.127902006864414, 2.1279022993048438];
Propability_in_R=0.5896247693939343;
Process time for simulation=42.640625;
