eps=0.00317;
mu=20.0;
N=5000;
D=1;
tolerance_cg=1e-10;
tolerance_pm=1e-07;
res_recal_iterations=100;
energy=0.48667670407873004;
mu_x=[-1.1676437189354664e-17];
mu_p=[0.0];
sig_x=[0.9731537652276896];
sig_p=[3.0734312202999208];
Propability_in_R=0.5881145246207168;
Process time for simulation=19.737034505;
