eps=0.00317;
mu=20.0;
N=2000;
D=1;
tolerance_cg=1e-10;
tolerance_pm=1e-07;
res_recal_iterations=100;
energy=0.48667670407873626;
mu_x=[1.9859014743665927e-18];
mu_p=[0.0];
sig_x=[0.9731537666933266];
sig_p=[3.07343122555496];
Propability_in_R=0.5881145211600132;
Process time for simulation=1.8405411960000038;
