eps=0.00317;
mu=20.0;
N=10000;
D=1;
tolerance_cg=1e-10;
tolerance_pm=1e-07;
res_recal_iterations=100;
energy=0.4866767040787284;
mu_x=[-6.376464645279351e-18];
mu_p=[0.0];
sig_x=[0.9731537661184645];
sig_p=[3.073431223448588];
Propability_in_R=0.5881145225154066;
Process time for simulation=594.14341708;
