eps=0.00317;
mu=20.0;
N=500;
D=1;
tolerance_cg=1e-10;
tolerance_pm=1e-07;
res_recal_iterations=100;
energy=0.486352208556733;
mu_x=[-1.3782073084774722e-17];
mu_p=[0.0];
sig_x=[0.9735603599695961];
sig_p=[3.0641245821821896];
Propability_in_R=0.5874258892881219;
Process time for simulation=1.130391851999999;
