eps=0.00317;
mu=20.0;
N=1000;
D=1;
tolerance_cg=1e-10;
tolerance_pm=1e-07;
res_recal_iterations=100;
energy=0.48667670407875274;
mu_x=[1.1438936623044845e-18];
mu_p=[0.0];
sig_x=[0.9731537650419625];
sig_p=[3.0734312195938873];
Propability_in_R=0.5881145250574031;
Process time for simulation=1.303078242999959;
